301.8859891576866 -207.24045391257738 -13.642936551672243 266.5994929807693 65.29772856715489 -127.73060895225643 
300.52579573001725 -210.44526573059287 -32.13369215085617 267.8055618380411 69.12091355496291 -136.21349036367758 
293.1534895076317 -219.0834663783223 -36.49693351914046 271.23412718612667 62.34002486420707 -140.00330398642853 
290.91951434024975 -229.17378140183996 -51.26046921719375 256.91678584694216 63.4553539533782 -150.28375670508152 
290.9345001512921 -209.55024351997247 -61.62382142830816 261.1775909791672 64.95000256815585 -149.05315462549694 
285.19090975477604 -231.2055720702736 -58.79531274877567 261.05081229019106 54.858201933583295 -150.79620074388242 
282.1337449013831 -241.42048603207772 -73.90450597300186 253.5069355103666 51.16509848255169 -160.06856053841716 
285.53637943198567 -235.52723336749852 -76.07338841019116 262.56753773741474 38.00022266172058 -151.06056816640591 
280.99847001759065 -268.0358612970731 -89.06449168230755 257.19777331742546 28.253917140344914 -159.67739128007358 
281.2914656557563 -272.67627924414455 -102.82523291445567 267.56966933617883 21.45177678686452 -155.97980825369274 
275.9502380156076 -269.7046865216982 -92.98193844216428 267.61213643818706 16.479658676332917 -159.73413291115165 
289.6616797089091 -286.69378810414673 -86.41188022693315 271.22176227341066 0.24875492447923808 -145.88479186404342 
287.39041804194704 -295.9088172508387 -83.30065415945201 264.95428112656833 -11.038181407853365 -161.95911773924226 
277.1001736514655 -315.25317974823133 -102.01491938404777 266.25532298637853 -27.584293942076997 -154.4037259443225 
291.20875476076264 -319.3755278654789 -94.83163773614456 269.7903710728694 -32.0326524592701 -148.81246589888815 
280.0638803507525 -321.6637352221543 -96.82830047639155 268.9003024600825 -38.1915165121005 -141.52315974162073 
289.52546061125446 -335.43526312828675 -92.47920299263619 276.1940081657024 -36.28915748229383 -158.33643820650045 
285.70217526648634 -345.160616200343 -84.08375724743732 276.5131581830326 -53.83917737794503 -133.80922459203 
291.4684339087854 -358.17087345816776 -84.10389470649152 273.9005999708649 -60.19458693621373 -144.91623801647518 
294.1604580265087 -379.90462195540607 -77.10420378160109 266.8929444181597 -78.12298317631658 -119.81316186259237 
295.58319235093893 -381.46013398539174 -68.25225373928754 273.51624166191897 -83.10121890524373 -125.8304216881252 
281.9131635274627 -370.64414403596726 -56.09538565054119 264.48962506495576 -96.86397404747363 -117.67183240037488 
289.2582591517403 -378.76651760051084 -45.07642223921375 271.27088955789407 -91.5225352256948 -114.80211320666675 
297.7288994412523 -386.94263863430274 -45.251524375797345 270.9190894676298 -103.61338778216626 -108.7971807378221 
295.450439224467 -389.5425771117651 -13.696428853883567 267.14118871895147 -102.5712967354663 -95.14884497083202 
290.7516641276697 -406.5992660904556 -8.344881868956334 271.1843923191106 -114.20117351101105 -96.27720546608194 
299.7260463027093 -400.8880043558627 -3.3044238869611124 269.18724142801165 -111.9978763260746 -71.520848839459 
308.4479764466907 -400.0927721603501 -1.855199257918153 272.73968729063 -118.49718582784342 -90.62682517842825 
307.2349429495895 -397.4910047187565 7.1789010253223555 283.99009229732945 -112.33208951894183 -78.57410939683214 
314.8762056672786 -382.98472508721756 29.93295477124727 277.63818589429445 -107.53838432929155 -74.25618685846777 
310.64325126080354 -384.2161319485527 31.52102839302243 273.48651738919284 -107.40845005749671 -62.8895069362556 
314.59913904978725 -379.9954019444462 50.162701399233015 287.2801093292498 -98.37585317557394 -59.84120623919261 
319.9245903803434 -376.44764229049014 61.99576620960699 274.1130981264556 -109.15648501578114 -54.05179272321596 
316.008704124891 -380.0478646179679 64.98517182499432 283.3217571784721 -111.00107623303327 -62.40488525878402 
313.5893950731362 -354.31455626216695 81.33032700184587 298.7027839058965 -95.0689055164064 -51.85219837189645 
320.920318353546 -347.5405999994539 86.02400906405711 283.45386005069474 -89.87114059822888 -55.47438040172837 
325.5503301265456 -347.20582311169665 78.58126211644047 293.29894071033044 -83.76202657538654 -39.99139262183898 
310.67260557072865 -343.11746820564787 90.80784964412601 296.8225157220735 -66.77049251343264 -53.81760786793288 
311.6736123920883 -337.21863028292177 94.44788309442946 295.71932947132655 -63.08585247605031 -44.87615589799436 
317.9561167733067 -320.5775618617322 90.32950324908997 304.3211894189236 -53.893446495764955 -55.1629109232327 
318.62063319563146 -307.0733454757697 83.91691429704127 299.21136061477597 -55.96650285734308 -53.745490362215804 
325.10662659028236 -295.8549233188685 86.82545283754331 301.50127086362295 -40.34259624504876 -59.535161512972664 
320.42593757466915 -294.31330985748804 90.26907304273023 293.91769497842006 -35.3371637775552 -53.11868198470615 
321.40369931026265 -278.80133932041844 91.70466859317435 303.6224460268214 -26.880096898781634 -59.29950228799728 
315.1516650688588 -270.4376056840835 98.51155325871973 310.4101583221788 -1.9590243908894127 -54.346019236860954 
316.4797612916942 -260.923995523598 83.39904209102289 305.5405737959725 -7.917086556751345 -64.34842364659552 
320.4237687369625 -258.92486466448605 82.30221413383688 299.17434987499064 8.065802142288902 -70.74535352680539 
311.1510460468219 -243.3180246249358 85.02068365359719 295.33664869091797 19.298976568943928 -64.39811245689077 
311.3413510088743 -233.59902042336276 73.4740459137102 306.45285416671123 20.400086890836395 -78.73406334768661 
313.33990427607546 -228.76807002030566 50.18457572956367 288.4415994293409 35.37736677580643 -82.11158820562838 
303.08558864497934 -214.47977832582546 67.21526606999342 292.8297506009827 38.91778201065853 -88.34940500160367 
312.291219676592 -210.43083346193455 49.379615172315276 290.7164882415084 45.257999630136446 -87.99388895249227 
301.9269124921355 -221.1260222893485 32.48052570395541 283.8340864220902 59.75530952409673 -110.14193409054327 
306.5740843817617 -210.03362527853355 23.74768194702176 279.53228468408344 59.71525956576498 -98.2406727188337 
299.02352872659486 -200.00665470080844 5.855537345774054 279.06855076670706 66.83522762796382 -113.35954677810695 
300.3694489870888 -198.78092013633199 4.4496746049801 269.40214005637307 65.08330004355021 -115.68876705682068 
298.0805427777596 -192.33841339170442 5.673082142239339 265.3667061275191 75.87731596768994 -123.90686402646881 
300.21610639085725 -196.64463190457474 -4.117558851673905 268.9483720045753 76.08790683125021 -120.93311030569487 
295.33094551651755 -194.00473190185264 -4.397653614883532 281.9461529217285 72.29774602905955 -123.62495112863088 
293.5470541265393 -191.73250664451535 1.0919652035218084 268.4847796191219 68.40065977846422 -124.99532042883013 
296.93051850631 -206.9225742842441 -9.42185231861102 274.783256474454 75.54743792985047 -120.01846745383405 
302.9424597547944 -204.41294129557744 -7.169110406312111 266.8423360432794 77.27753909906215 -125.81976436749497 
293.8101790105111 -188.51625681915485 -3.88096969532343 262.3894057651788 59.95556478252935 -124.3462622100228 
305.71082268380866 -198.58073913237203 -8.008126765626505 268.04463371145494 62.827586333199065 -126.45902111234562 
307.43941278793864 -190.55957094725275 -3.9933735989616226 271.7810780515961 62.253037731867444 -121.35576922025761 
301.03774582745683 -193.17563050989764 -1.923040100992711 276.05446966563835 63.43095350475839 -129.80873085011154 
301.28740622195744 -197.5398472119393 -8.699267768225127 269.8058032964907 77.95163588260615 -127.6342333226953 
288.51031915635184 -207.65681326125372 3.425745025597 276.27879388441886 73.85635388130818 -118.76544817834288 
294.5839796903368 -199.86004288382787 7.291701991992758 272.82813028890337 77.21380909654086 -111.81427544917943 
301.09099278871787 -196.81400859484265 1.0946833679067662 274.1403593799175 71.17197870776407 -123.59711580401489 
